 DeMarcus Cousins	SAC	48 	34.4 	9.4 	20.6 	45.4 	 	1.8 	4.7 	37.3 	 	7.7 	10.0 	77.5 	 	2.1 	8.4 	10.5 	 	4.4 	3.5 	1.4 	1.4 	3.7 	28.2 	 
 Anthony Davis	NO	46 	36.1 	10.2 	20.3 	49.9 	 	0.5 	1.7 	28.9 	 	7.1 	8.9 	79.5 	 	2.3 	9.9 	12.3 	 	2.2 	2.6 	1.3 	2.4 	2.3 	27.9 	 
 Kevin Durant	GS	49 	34.2 	9.3 	17.1 	54.3 	 	1.9 	5.1 	38.0 	 	5.6 	6.4 	87.2 	 	0.7 	7.7 	8.4 	 	4.8 	2.3 	1.1 	1.7 	1.9 	26.1 	 
 LeBron James	CLE	45 	37.5 	9.5 	18.1 	52.7 	 	1.6 	4.5 	35.5 	 	5.0 	7.2 	69.2 	 	1.3 	6.7 	8.0 	 	8.6 	4.2 	1.5 	0.5 	1.6 	25.7 	 
 Giannis Antetokounmpo	MIL	47 	35.2 	8.4 	16.1 	52.2 	 	0.7 	2.5 	28.6 	 	5.5 	7.0 	78.5 	 	2.0 	6.7 	8.7 	 	5.5 	3.0 	1.8 	2.0 	3.3 	23.1 	 
 Carmelo Anthony	NY	50 	33.7 	8.3 	19.1 	43.5 	 	2.0 	5.7 	36.0 	 	4.3 	5.2 	83.1 	 	0.8 	5.2 	6.1 	 	2.9 	1.9 	0.8 	0.4 	2.6 	23.0 	 
 Paul George	IND	41 	35.7 	7.8 	17.3 	45.1 	 	2.3 	6.0 	38.5 	 	4.6 	5.0 	92.6 	 	0.8 	5.2 	6.0 	 	3.3 	2.9 	1.7 	0.3 	2.6 	22.6 	 
 Blake Griffin	LAC	29 	33.1 	7.9 	16.1 	48.7 	 	0.2 	0.8 	21.7 	 	5.2 	7.0 	74.8 	 	2.0 	6.7 	8.7 	 	4.7 	2.5 	1.0 	0.5 	2.6 	21.1 	 
 Harrison Barnes	DAL	49 	35.8 	8.2 	17.3 	47.4 	 	1.0 	3.0 	34.0 	 	2.9 	3.4 	86.2 	 	1.4 	4.0 	5.4 	 	1.5 	1.3 	0.9 	0.2 	1.6 	20.4 	 
 Joel Embiid	PHI	31 	25.4 	6.5 	13.8 	46.6 	 	1.2 	3.2 	36.7 	 	6.2 	7.9 	78.3 	 	2.0 	5.9 	7.8 	 	2.1 	3.8 	0.9 	2.5 	3.6 	20.2 	 
 Jabari Parker	MIL	48 	34.2 	7.8 	16.1 	48.6 	 	1.3 	3.5 	37.3 	 	3.1 	4.3 	74.0 	 	1.6 	4.5 	6.1 	 	2.8 	1.8 	1.0 	0.4 	2.2 	20.1 	 
 Kevin Love	CLE	41 	31.5 	6.4 	15.0 	42.5 	 	2.6 	6.8 	37.5 	 	4.6 	5.3 	86.6 	 	2.5 	8.5 	11.0 	 	1.9 	2.0 	0.8 	0.3 	1.9 	19.9 	 
 Kristaps Porzingis	NY	43 	33.2 	6.9 	15.2 	45.2 	 	1.9 	5.0 	37.9 	 	3.0 	3.8 	79.4 	 	1.7 	5.4 	7.1 	 	1.3 	1.8 	0.7 	2.0 	3.9 	18.7 	 
 Rudy Gay	SAC	30 	33.8 	6.7 	14.7 	45.5 	 	1.4 	3.8 	37.2 	 	3.9 	4.6 	85.5 	 	1.2 	5.2 	6.3 	 	2.8 	2.5 	1.5 	0.9 	2.6 	18.7 	 
 Paul Millsap	ATL	46 	34.1 	6.4 	14.5 	43.9 	 	1.2 	3.7 	32.7 	 	3.9 	5.2 	74.9 	 	1.8 	6.4 	8.2 	 	3.8 	2.2 	1.5 	1.0 	2.6 	17.9 	 
 LaMarcus Aldridge	SA	44 	32.2 	6.9 	14.1 	49.3 	 	0.4 	0.8 	45.7 	 	3.4 	4.2 	81.2 	 	2.2 	5.0 	7.2 	 	2.3 	1.4 	0.6 	1.1 	2.3 	17.7 	 
 Danilo Gallinari	DEN	44 	34.2 	5.0 	11.6 	43.2 	 	1.8 	4.8 	38.1 	 	5.4 	6.0 	88.7 	 	0.5 	4.4 	4.9 	 	2.2 	1.4 	0.6 	0.3 	1.5 	17.2 	 
 Tobias Harris	DET	49 	32.6 	6.6 	13.4 	49.1 	 	1.3 	4.0 	33.5 	 	2.2 	2.5 	88.6 	 	0.5 	4.6 	5.1 	 	1.7 	1.3 	0.7 	0.5 	1.6 	16.7 	 
 Myles Turner	IND	47 	30.5 	6.0 	11.1 	53.6 	 	0.7 	1.6 	40.8 	 	3.2 	4.0 	80.1 	 	1.5 	5.9 	7.4 	 	1.0 	1.4 	0.8 	2.3 	3.2 	15.8 	 
 Nikola Jokic	DEN	41 	26.1 	6.2 	10.5 	59.4 	 	0.5 	1.6 	32.3 	 	2.5 	3.1 	81.7 	 	2.8 	5.7 	8.5 	 	4.0 	1.9 	0.8 	0.8 	3.1 	15.5 	 
 Wilson Chandler	DEN	44 	30.2 	6.0 	13.4 	45.1 	 	1.5 	4.3 	35.1 	 	1.9 	2.6 	73.5 	 	1.5 	5.2 	6.7 	 	2.0 	1.6 	0.8 	0.3 	2.3 	15.4 	 
 Al Horford	BOS	37 	33.2 	6.1 	13.1 	46.2 	 	1.5 	4.4 	34.4 	 	1.6 	2.0 	82.4 	 	1.4 	5.1 	6.5 	 	5.2 	1.6 	0.7 	1.7 	2.2 	15.3 	 
 Serge Ibaka	ORL	50 	30.4 	6.1 	12.6 	48.2 	 	1.5 	3.9 	38.1 	 	1.4 	1.7 	83.5 	 	1.8 	5.1 	6.9 	 	1.1 	1.2 	0.6 	1.6 	2.5 	15.0 	 
 Ersan Ilyasova	PHI	48 	27.3 	5.4 	11.9 	45.3 	 	2.1 	5.6 	37.5 	 	1.8 	2.3 	78.4 	 	1.3 	4.8 	6.1 	 	1.7 	1.5 	0.6 	0.3 	2.3 	14.6 	 
 Andre Drummond	DET	48 	30.7 	6.3 	11.8 	53.6 	 	0.0 	0.1 	40.0 	 	1.9 	4.5 	43.5 	 	4.0 	9.7 	13.6 	 	1.1 	2.0 	1.7 	1.2 	3.0 	14.6 	 
 Otto Porter	WAS	48 	33.6 	5.6 	10.4 	53.5 	 	2.0 	4.3 	46.2 	 	1.1 	1.4 	76.8 	 	1.3 	5.2 	6.5 	 	1.6 	0.7 	1.5 	0.6 	2.5 	14.3 	 
 Markieff Morris	WAS	47 	31.9 	5.4 	12.0 	45.0 	 	0.9 	2.6 	35.5 	 	2.6 	3.2 	81.9 	 	1.5 	5.3 	6.8 	 	1.8 	1.9 	1.1 	0.6 	3.3 	14.3 	 
 Ryan Anderson	HOU	49 	30.6 	4.7 	10.9 	43.1 	 	2.8 	6.9 	41.2 	 	2.0 	2.3 	87.4 	 	1.6 	3.5 	5.2 	 	0.9 	0.9 	0.5 	0.2 	2.0 	14.2 	 
 Zach Randolph	MEM	44 	24.2 	6.2 	13.3 	46.3 	 	0.4 	1.3 	28.1 	 	1.5 	2.1 	73.1 	 	2.3 	5.9 	8.2 	 	1.7 	1.3 	0.5 	0.1 	1.9 	14.2 	 
 Jae Crowder	BOS	41 	32.4 	4.9 	10.0 	48.5 	 	2.4 	5.6 	43.0 	 	2.1 	2.4 	87.6 	 	0.6 	4.7 	5.4 	 	2.2 	1.0 	1.0 	0.3 	2.3 	14.2 	 
 Nikola Vucevic	ORL	48 	28.5 	6.3 	13.2 	47.3 	 	0.3 	1.0 	28.0 	 	1.3 	2.0 	63.2 	 	2.2 	7.6 	9.8 	 	2.9 	1.6 	0.9 	1.0 	2.4 	14.0 	 
 Dwight Howard	ATL	44 	29.5 	5.3 	8.3 	63.4 	 	0.0 	0.0 	N/A 	 	3.1 	5.5 	56.3 	 	4.3 	8.5 	12.8 	 	1.3 	2.1 	0.9 	1.2 	3.0 	13.6 	 
 Marcus Morris	DET	48 	32.8 	5.2 	12.6 	41.4 	 	1.5 	4.7 	32.4 	 	1.6 	2.0 	81.1 	 	0.9 	3.5 	4.4 	 	2.0 	1.1 	0.7 	0.3 	2.1 	13.6 	 
 Julius Randle	LAL	44 	29.2 	5.0 	10.3 	48.9 	 	0.1 	0.5 	22.7 	 	2.8 	4.0 	71.4 	 	1.8 	6.6 	8.4 	 	3.8 	2.6 	0.8 	0.5 	3.5 	13.0 	 
 T.J. Warren	PHO	36 	28.9 	5.4 	11.8 	45.5 	 	0.4 	1.6 	27.1 	 	1.8 	2.3 	77.1 	 	1.7 	2.1 	3.8 	 	0.9 	0.8 	1.2 	0.3 	2.8 	13.0 	 
 Dirk Nowitzki	DAL	23 	25.2 	4.8 	11.9 	40.5 	 	1.4 	3.9 	35.6 	 	1.9 	2.2 	86.0 	 	0.6 	5.3 	5.9 	 	1.5 	1.0 	0.5 	0.8 	2.0 	12.9 	 
 Pau Gasol	SA	39 	26.4 	4.8 	9.4 	51.0 	 	0.5 	1.1 	46.5 	 	1.7 	2.6 	64.4 	 	1.5 	6.4 	7.9 	 	2.7 	1.3 	0.4 	1.2 	1.7 	11.7 	 
 James Johnson	MIA	45 	26.1 	4.4 	9.2 	47.3 	 	1.2 	3.4 	35.9 	 	1.7 	2.4 	70.1 	 	0.9 	4.0 	4.9 	 	3.3 	2.1 	0.9 	1.0 	2.6 	11.6 	 
 Clint Capela	HOU	37 	23.0 	5.2 	8.4 	62.5 	 	0.0 	0.0 	N/A 	 	1.2 	2.5 	48.4 	 	2.4 	5.2 	7.6 	 	0.9 	1.2 	0.4 	1.4 	2.6 	11.6 	 
 Thaddeus Young	IND	48 	31.3 	4.9 	9.5 	52.1 	 	0.9 	2.3 	39.6 	 	0.8 	1.3 	57.1 	 	1.5 	4.6 	6.0 	 	1.6 	1.5 	1.8 	0.5 	1.9 	11.5 	 
 Taj Gibson	CHI	48 	27.4 	5.0 	9.7 	51.3 	 	0.0 	0.2 	22.2 	 	1.6 	2.2 	70.8 	 	2.3 	4.8 	7.1 	 	1.1 	1.4 	0.5 	1.0 	2.2 	11.5 	 
 Aaron Gordon	ORL	51 	27.7 	4.4 	10.3 	43.1 	 	1.1 	3.6 	29.5 	 	1.5 	2.4 	63.3 	 	1.3 	3.3 	4.6 	 	1.9 	1.0 	0.7 	0.4 	2.1 	11.4 	 
 Robert Covington	PHI	44 	31.0 	3.8 	10.1 	38.1 	 	1.9 	6.0 	31.2 	 	1.7 	2.2 	80.0 	 	1.4 	4.7 	6.1 	 	1.6 	2.0 	1.8 	0.9 	3.0 	11.3 	 
 Terrence Jones	NO	48 	24.5 	4.5 	9.5 	47.3 	 	0.4 	1.5 	25.7 	 	2.0 	3.3 	60.9 	 	1.3 	4.6 	5.9 	 	1.2 	0.9 	0.8 	1.1 	1.3 	11.3 	 
 Josh Richardson	MIA	28 	31.3 	4.4 	11.1 	39.4 	 	1.6 	5.1 	31.3 	 	0.9 	1.2 	73.5 	 	0.5 	2.8 	3.3 	 	2.8 	1.5 	1.0 	0.5 	2.6 	11.2 	 
 Marvin Williams	CHA	44 	27.5 	4.0 	9.8 	40.6 	 	1.8 	5.0 	36.4 	 	1.3 	1.6 	84.1 	 	1.0 	4.4 	5.4 	 	1.3 	0.7 	0.6 	0.5 	1.6 	11.1 	 
 Greg Monroe	MIL	47 	21.5 	4.4 	8.6 	51.4 	 	0.0 	0.0 	0.0 	 	2.3 	3.1 	72.1 	 	2.1 	4.8 	6.8 	 	2.1 	1.6 	1.3 	0.5 	1.7 	11.1 	 
 Mason Plumlee	POR	50 	28.0 	4.4 	8.3 	53.1 	 	0.0 	0.1 	0.0 	 	2.2 	4.1 	55.2 	 	2.1 	5.8 	8.0 	 	4.1 	1.6 	1.0 	1.2 	2.7 	11.1 	 
 Maurice Harkless	POR	46 	29.6 	4.5 	9.2 	48.7 	 	1.1 	3.2 	33.8 	 	1.0 	1.4 	68.8 	 	1.6 	3.1 	4.7 	 	1.0 	1.2 	1.2 	0.9 	2.8 	11.0 	 
 Cody Zeller	CHA	38 	26.9 	4.2 	7.2 	59.0 	 	0.0 	0.0 	N/A 	 	2.4 	3.5 	68.9 	 	2.3 	4.2 	6.6 	 	1.4 	1.2 	0.7 	1.1 	3.2 	10.9 	 
 Justise Winslow	MIA	18 	34.7 	4.4 	12.6 	35.4 	 	0.4 	1.9 	20.0 	 	1.6 	2.6 	61.7 	 	1.3 	3.9 	5.2 	 	3.7 	1.8 	1.4 	0.3 	2.9 	10.9 	 
 Jon Leuer	DET	43 	26.4 	4.2 	8.4 	50.6 	 	0.8 	2.4 	32.4 	 	1.3 	1.5 	88.9 	 	1.4 	4.4 	5.8 	 	1.8 	0.8 	0.5 	0.4 	2.0 	10.6 	 
 Gorgui Dieng	MIN	49 	32.0 	4.4 	8.4 	52.6 	 	0.1 	0.4 	33.3 	 	1.5 	2.0 	77.3 	 	2.3 	5.3 	7.6 	 	2.0 	1.4 	1.0 	1.2 	3.3 	10.5 	 
 Draymond Green	GS	47 	33.1 	3.7 	8.5 	43.9 	 	1.1 	3.4 	31.3 	 	1.9 	2.8 	66.9 	 	1.5 	6.9 	8.4 	 	7.4 	2.3 	1.9 	1.5 	3.0 	10.4 	 
 Frank Kaminsky	CHA	48 	24.1 	3.8 	9.6 	39.3 	 	1.3 	4.1 	30.2 	 	1.4 	1.8 	76.7 	 	0.8 	3.5 	4.3 	 	2.0 	1.0 	0.7 	0.4 	1.5 	10.2 	 
 Kenneth Faried	DEN	44 	22.7 	3.8 	6.7 	56.4 	 	0.0 	0.1 	0.0 	 	2.4 	3.4 	70.9 	 	3.1 	5.0 	8.1 	 	0.9 	1.0 	0.8 	0.8 	2.2 	10.0 	 
 Doug McDermott	CHI	37 	24.8 	3.7 	8.4 	44.1 	 	1.2 	3.4 	36.8 	 	1.4 	1.5 	90.9 	 	0.4 	2.9 	3.2 	 	1.1 	0.8 	0.3 	0.1 	1.2 	10.0 	 
 Marreese Speights	LAC	49 	16.7 	3.3 	7.3 	45.4 	 	1.4 	3.5 	40.4 	 	2.0 	2.3 	87.4 	 	1.2 	3.6 	4.8 	 	0.8 	0.7 	0.3 	0.5 	3.0 	10.0 	 
 Trevor Booker	BKN	44 	26.4 	4.2 	8.0 	52.3 	 	0.3 	1.1 	28.0 	 	1.2 	1.7 	67.1 	 	2.1 	6.5 	8.6 	 	2.2 	1.8 	1.3 	0.5 	2.2 	9.9 	 
 Dario Saric	PHI	48 	23.7 	3.5 	9.2 	38.4 	 	1.2 	3.6 	33.1 	 	1.6 	2.0 	77.3 	 	1.3 	4.5 	5.8 	 	1.7 	1.9 	0.5 	0.3 	1.6 	9.9 	 
 DeMarre Carroll	TOR	45 	26.6 	3.3 	8.2 	40.2 	 	1.6 	4.8 	34.1 	 	1.3 	1.7 	78.7 	 	0.9 	2.9 	3.8 	 	0.9 	0.7 	1.2 	0.4 	2.0 	9.6 	 
 Montrezl Harrell	HOU	42 	19.4 	4.1 	6.2 	65.6 	 	0.0 	0.1 	33.3 	 	1.3 	2.1 	62.9 	 	1.5 	2.4 	3.9 	 	1.2 	0.9 	0.4 	0.8 	2.0 	9.5 	 
 Derrick Favors	UTA	33 	23.3 	3.8 	8.3 	45.5 	 	0.1 	0.2 	33.3 	 	1.6 	2.6 	63.5 	 	1.6 	4.4 	6.0 	 	1.0 	1.3 	0.8 	0.9 	2.2 	9.3 	 
 Channing Frye	CLE	41 	18.6 	3.2 	7.2 	44.1 	 	2.0 	4.6 	42.1 	 	0.9 	1.0 	85.7 	 	0.6 	2.9 	3.5 	 	0.6 	0.7 	0.4 	0.5 	1.9 	9.2 	 
 Michael Kidd-Gilchrist	CHA	49 	29.5 	3.6 	7.9 	45.2 	 	0.0 	0.2 	12.5 	 	2.0 	2.7 	76.2 	 	2.0 	5.4 	7.4 	 	1.3 	0.8 	0.8 	1.0 	2.2 	9.1 	 
 Nikola Mirotic	CHI	44 	22.7 	3.1 	8.1 	38.5 	 	1.4 	4.8 	29.9 	 	1.4 	1.8 	76.9 	 	0.8 	4.5 	5.3 	 	0.8 	1.1 	0.7 	0.8 	1.8 	9.0 	 
 JaMychal Green	MEM	49 	29.1 	3.2 	6.9 	46.9 	 	0.8 	2.0 	37.8 	 	1.7 	2.2 	77.1 	 	2.2 	5.2 	7.4 	 	1.2 	1.1 	0.8 	0.6 	3.5 	8.9 	 
 Michael Beasley	MIL	40 	16.4 	3.5 	6.9 	51.1 	 	0.4 	0.8 	45.2 	 	1.4 	1.9 	74.7 	 	0.7 	2.9 	3.6 	 	1.0 	1.3 	0.5 	0.5 	1.7 	8.8 	 
 Al Jefferson	IND	48 	14.9 	3.8 	7.5 	50.1 	 	0.0 	0.0 	0.0 	 	1.2 	1.5 	78.9 	 	1.2 	3.0 	4.2 	 	0.9 	0.5 	0.3 	0.3 	1.9 	8.7 	 
 Nerlens Noel	PHI	22 	17.7 	3.5 	5.8 	60.6 	 	0.0 	0.0 	N/A 	 	1.4 	1.9 	71.4 	 	1.5 	3.1 	4.7 	 	1.0 	0.9 	1.2 	1.0 	2.3 	8.4 	 
 Nene Hilario	HOU	44 	17.1 	3.2 	5.2 	61.6 	 	0.1 	0.1 	50.0 	 	1.8 	3.0 	58.8 	 	1.2 	2.5 	3.7 	 	0.9 	1.2 	0.8 	0.6 	2.4 	8.2 	 
 Luol Deng	LAL	47 	27.3 	3.1 	7.9 	39.4 	 	1.0 	3.0 	32.1 	 	0.8 	1.1 	68.5 	 	1.2 	4.4 	5.6 	 	1.5 	0.8 	0.9 	0.4 	1.1 	8.0 	 
 Trey Lyles	UTA	50 	19.3 	2.8 	7.3 	39.1 	 	1.1 	3.4 	33.1 	 	0.9 	1.3 	71.2 	 	0.8 	3.0 	3.8 	 	1.2 	1.1 	0.5 	0.3 	1.5 	7.8 	 
 Mike Muscala	ATL	43 	20.3 	2.9 	5.7 	51.0 	 	0.8 	1.8 	45.5 	 	0.8 	1.0 	77.3 	 	1.3 	2.4 	3.7 	 	1.4 	0.9 	0.5 	0.6 	1.7 	7.5 	 
 Tristan Thompson	CLE	48 	29.2 	3.0 	5.3 	56.9 	 	0.0 	0.1 	0.0 	 	1.5 	3.0 	50.3 	 	3.6 	6.1 	9.7 	 	0.8 	0.8 	0.6 	1.3 	2.4 	7.5 	 
 Patrick Patterson	TOR	39 	27.8 	2.5 	6.6 	38.7 	 	1.6 	4.4 	36.5 	 	0.7 	1.1 	65.9 	 	1.2 	4.3 	5.5 	 	1.5 	0.7 	0.8 	0.4 	2.2 	7.4 	 
 Alex Len	PHO	47 	19.9 	2.8 	5.5 	50.0 	 	0.0 	0.1 	0.0 	 	1.9 	2.6 	72.7 	 	1.9 	4.6 	6.5 	 	0.6 	1.2 	0.4 	1.3 	3.0 	7.4 	 
 Marquese Chriss	PHO	49 	18.3 	2.8 	6.7 	42.6 	 	0.7 	2.3 	31.3 	 	1.0 	1.6 	62.0 	 	1.1 	2.3 	3.4 	 	0.6 	1.2 	0.8 	0.5 	3.0 	7.4 	 
 Sam Dekker	HOU	52 	19.8 	3.0 	6.3 	47.5 	 	0.9 	2.7 	32.4 	 	0.6 	1.0 	58.8 	 	1.4 	2.6 	4.1 	 	1.1 	0.7 	0.6 	0.3 	1.2 	7.4 	 
 Spencer Hawes	CHA	35 	17.9 	3.0 	6.2 	47.7 	 	0.5 	1.6 	29.1 	 	0.9 	1.0 	88.2 	 	0.9 	3.3 	4.2 	 	1.8 	1.1 	0.4 	0.7 	1.7 	7.3 	 
 Jared Dudley	PHO	33 	21.6 	2.6 	5.4 	48.9 	 	1.3 	3.1 	43.1 	 	0.7 	1.1 	62.2 	 	0.5 	2.8 	3.3 	 	1.6 	1.2 	0.7 	0.2 	2.5 	7.3 	 
 Al-Farouq Aminu	POR	32 	28.4 	2.7 	7.5 	35.4 	 	0.9 	3.3 	26.2 	 	1.2 	1.6 	71.2 	 	1.1 	6.0 	7.1 	 	2.2 	1.5 	1.0 	0.7 	1.8 	7.3 	 
 David Lee	SA	47 	18.6 	3.1 	5.3 	59.5 	 	0.0 	0.0 	N/A 	 	1.0 	1.4 	73.4 	 	1.7 	3.7 	5.4 	 	1.6 	0.9 	0.4 	0.4 	1.5 	7.3 	 
 Dwight Powell	DAL	49 	19.1 	2.8 	5.2 	53.3 	 	0.1 	0.5 	21.7 	 	1.6 	2.0 	78.4 	 	1.5 	3.2 	4.6 	 	0.8 	0.4 	1.0 	0.6 	2.0 	7.2 	 
 Justin Hamilton	BKN	43 	19.8 	2.8 	6.1 	45.5 	 	1.0 	3.1 	31.1 	 	0.5 	0.6 	74.1 	 	1.2 	3.3 	4.5 	 	0.8 	0.7 	0.5 	0.7 	1.5 	7.0 	 
 Josh Huestis	OKC	1 	6.9 	3.0 	4.0 	75.0 	 	1.0 	2.0 	50.0 	 	0.0 	0.0 	N/A 	 	2.0 	2.0 	4.0 	 	1.0 	0.0 	0.0 	1.0 	0.0 	7.0 	 
 Justin Anderson	DAL	45 	14.7 	2.3 	5.8 	40.5 	 	0.8 	2.5 	31.6 	 	1.5 	1.9 	79.8 	 	0.8 	2.3 	3.1 	 	0.6 	0.8 	0.6 	0.4 	1.3 	7.0 	 
 Darrell Arthur	DEN	24 	15.5 	2.6 	5.3 	49.2 	 	1.5 	2.8 	52.2 	 	0.4 	0.4 	90.0 	 	0.7 	2.1 	2.8 	 	1.0 	1.0 	0.3 	0.5 	2.2 	7.0 	 
 Anthony Tolliver	SAC	37 	22.0 	2.3 	5.0 	45.2 	 	1.4 	3.4 	40.0 	 	1.1 	1.3 	83.0 	 	0.9 	2.6 	3.5 	 	0.9 	0.7 	0.5 	0.2 	1.7 	6.9 	 
 Mirza Teletovic	MIL	39 	16.7 	2.4 	6.2 	38.0 	 	1.6 	4.6 	34.8 	 	0.5 	0.7 	75.0 	 	0.2 	2.3 	2.5 	 	0.7 	0.7 	0.2 	0.2 	1.7 	6.9 	 
 John Henson	MIL	42 	19.8 	2.6 	5.3 	49.8 	 	0.0 	0.0 	0.0 	 	1.5 	2.1 	71.3 	 	1.5 	3.7 	5.2 	 	1.2 	1.0 	0.5 	1.3 	2.5 	6.8 	 
 Richaun Holmes	PHI	26 	15.7 	2.8 	5.5 	52.1 	 	0.3 	0.8 	36.4 	 	0.8 	1.3 	66.7 	 	1.3 	2.7 	4.1 	 	0.8 	0.9 	0.6 	0.8 	2.0 	6.8 	 
 Larry Nance Jr.	LAL	32 	21.7 	2.9 	5.1 	57.4 	 	0.1 	0.4 	16.7 	 	0.6 	0.8 	70.4 	 	1.6 	3.6 	5.2 	 	1.3 	0.8 	1.0 	0.8 	2.3 	6.5 	 
 Kelly Oubre Jr.	WAS	46 	20.4 	2.4 	5.5 	42.7 	 	0.8 	2.5 	31.6 	 	0.9 	1.2 	77.8 	 	0.7 	2.8 	3.5 	 	0.7 	0.7 	0.8 	0.2 	2.5 	6.5 	 
 Chandler Parsons	MEM	22 	18.5 	2.4 	6.7 	35.4 	 	0.7 	2.9 	25.4 	 	1.0 	1.1 	88.0 	 	0.1 	2.0 	2.1 	 	1.5 	0.5 	0.6 	0.1 	1.3 	6.5 	 
 Luc Richard Mbah a Moute	LAC	47 	23.0 	2.4 	5.0 	49.4 	 	0.6 	1.5 	40.3 	 	1.0 	1.4 	71.9 	 	0.8 	1.7 	2.5 	 	0.4 	0.7 	1.1 	0.6 	1.7 	6.5 	 
 Kosta Koufos	SAC	49 	19.2 	2.9 	4.8 	59.5 	 	0.0 	0.0 	0.0 	 	0.5 	1.0 	54.2 	 	1.7 	3.8 	5.4 	 	0.5 	0.9 	0.6 	0.6 	2.3 	6.3 	 
 Amir Johnson	BOS	48 	19.8 	2.5 	4.6 	55.2 	 	0.3 	0.8 	37.8 	 	0.9 	1.3 	68.3 	 	1.6 	2.9 	4.5 	 	1.8 	0.9 	0.5 	0.7 	2.7 	6.3 	 
 Domantas Sabonis	OKC	50 	21.7 	2.6 	6.1 	41.8 	 	0.8 	2.3 	34.5 	 	0.4 	0.5 	66.7 	 	0.5 	3.2 	3.7 	 	1.1 	1.1 	0.6 	0.4 	2.5 	6.3 	 
 Jerami Grant	OKC	49 	21.5 	2.1 	4.6 	47.1 	 	0.6 	1.5 	38.4 	 	1.2 	2.0 	61.6 	 	0.3 	2.3 	2.7 	 	0.5 	0.6 	0.4 	1.1 	2.0 	6.1 	 
 Bismack Biyombo	ORL	50 	24.0 	2.3 	4.4 	52.7 	 	0.0 	0.0 	N/A 	 	1.4 	3.1 	46.8 	 	1.9 	5.5 	7.4 	 	1.0 	1.2 	0.3 	1.2 	2.4 	6.1 	 
 Derrick Williams	MIA	24 	15.4 	2.2 	5.6 	39.3 	 	0.4 	1.8 	20.5 	 	1.3 	2.1 	62.0 	 	0.7 	2.3 	3.0 	 	0.6 	0.5 	0.4 	0.2 	1.3 	6.1 	 
 Kyle O'Quinn	NY	49 	14.9 	2.7 	5.2 	52.6 	 	0.0 	0.2 	12.5 	 	0.6 	0.8 	70.0 	 	2.1 	3.6 	5.7 	 	1.2 	0.9 	0.4 	1.3 	2.1 	6.0 	 
 Mindaugas Kuzminskas	NY	44 	14.3 	2.3 	5.2 	43.0 	 	0.8 	2.5 	33.6 	 	0.7 	0.9 	79.5 	 	0.7 	1.2 	1.9 	 	1.0 	0.8 	0.5 	0.2 	1.2 	6.0 	 
 Nemanja Bjelica	MIN	47 	17.1 	2.1 	5.2 	41.0 	 	0.8 	2.9 	29.1 	 	0.8 	1.0 	76.6 	 	0.6 	2.5 	3.1 	 	1.0 	0.9 	0.6 	0.2 	2.2 	5.9 	 
 Dante Cunningham	NO	37 	24.8 	2.4 	5.5 	42.4 	 	1.1 	2.9 	37.0 	 	0.2 	0.3 	54.5 	 	0.8 	3.3 	4.1 	 	0.6 	0.5 	0.5 	0.5 	1.6 	5.9 	 
 Omri Casspi	SAC	22 	18.0 	2.4 	5.3 	45.3 	 	0.5 	1.3 	37.9 	 	0.5 	1.0 	57.1 	 	0.9 	3.2 	4.1 	 	1.2 	0.8 	0.5 	0.0 	1.0 	5.9 	 
 Tarik Black	LAL	39 	15.8 	2.2 	4.3 	51.2 	 	0.0 	0.0 	0.0 	 	1.4 	1.8 	75.0 	 	2.2 	3.0 	5.2 	 	0.6 	0.7 	0.4 	0.5 	2.6 	5.8 	 
 Brandon Bass	LAC	33 	12.1 	2.2 	3.7 	59.8 	 	0.0 	0.1 	50.0 	 	1.4 	1.5 	90.0 	 	0.8 	1.7 	2.5 	 	0.6 	0.7 	0.2 	0.2 	0.9 	5.8 	 
 Meyers Leonard	POR	44 	15.9 	2.0 	5.5 	36.1 	 	1.1 	3.1 	34.3 	 	0.6 	0.6 	96.2 	 	0.4 	2.8 	3.1 	 	0.8 	0.5 	0.1 	0.4 	2.2 	5.6 	 
 Willie Reed	MIA	41 	14.9 	2.4 	4.0 	60.0 	 	0.0 	0.0 	0.0 	 	0.8 	1.4 	56.1 	 	1.8 	3.1 	4.9 	 	0.4 	0.4 	0.2 	0.8 	1.7 	5.6 	 
 Donatas Motiejunas	NO	13 	15.9 	2.2 	4.2 	50.9 	 	0.6 	1.5 	40.0 	 	0.7 	1.5 	47.4 	 	0.8 	2.5 	3.3 	 	1.4 	1.1 	0.6 	0.5 	2.0 	5.6 	 
 Luis Scola	BKN	34 	12.8 	2.1 	4.3 	48.6 	 	0.5 	1.4 	36.2 	 	0.7 	1.0 	68.6 	 	1.4 	2.4 	3.9 	 	1.0 	1.0 	0.4 	0.1 	1.7 	5.4 	 
 Lucas Nogueira	TOR	41 	21.2 	2.2 	3.2 	68.5 	 	0.1 	0.2 	37.5 	 	0.9 	1.4 	66.1 	 	1.9 	3.1 	5.0 	 	0.8 	0.8 	1.0 	1.9 	2.7 	5.3 	 
 Jaylen Brown	BOS	48 	14.5 	2.0 	4.7 	42.7 	 	0.4 	1.2 	29.3 	 	1.0 	1.4 	71.2 	 	0.5 	1.8 	2.3 	 	0.6 	0.7 	0.4 	0.3 	1.6 	5.3 	 
 Joffrey Lauvergne	OKC	43 	13.9 	2.0 	4.7 	43.0 	 	0.5 	1.5 	32.3 	 	0.7 	1.1 	60.4 	 	0.9 	2.5 	3.4 	 	0.9 	0.7 	0.4 	0.1 	1.4 	5.2 	 
 Quincy Acy	BKN	16 	10.5 	1.8 	3.6 	49.1 	 	0.8 	1.5 	50.0 	 	0.9 	1.1 	83.3 	 	0.7 	1.5 	2.2 	 	0.1 	0.4 	0.2 	0.3 	1.4 	5.2 	 
 Joakim Noah	NY	45 	22.4 	2.2 	4.4 	48.5 	 	0.0 	0.0 	0.0 	 	0.8 	1.7 	43.6 	 	3.5 	5.4 	8.9 	 	2.3 	1.3 	0.7 	0.8 	2.8 	5.1 	 
 Willie Cauley-Stein	SAC	42 	12.2 	2.2 	3.9 	56.7 	 	0.0 	0.0 	0.0 	 	0.7 	1.2 	54.9 	 	1.0 	1.5 	2.5 	 	0.4 	0.5 	0.4 	0.5 	1.8 	5.1 	 
 Anthony Bennett	BKN	23 	11.5 	1.7 	4.0 	41.3 	 	0.6 	2.1 	27.1 	 	1.1 	1.6 	72.2 	 	1.1 	2.3 	3.4 	 	0.5 	0.5 	0.2 	0.1 	0.8 	5.0 	 
 Boris Diaw	UTA	41 	18.7 	2.1 	4.8 	44.9 	 	0.4 	1.3 	27.3 	 	0.4 	0.4 	83.3 	 	0.6 	1.5 	2.0 	 	2.2 	1.3 	0.2 	0.0 	1.3 	5.0 	 
 Josh McRoberts	MIA	22 	17.3 	2.0 	5.4 	37.3 	 	0.6 	1.4 	41.9 	 	0.3 	0.4 	66.7 	 	1.0 	2.3 	3.4 	 	2.3 	1.0 	0.5 	0.2 	1.4 	4.9 	 
 Dorian Finney-Smith	DAL	48 	21.5 	1.7 	4.0 	41.5 	 	0.8 	2.4 	33.3 	 	0.7 	0.8 	80.0 	 	0.6 	2.1 	2.7 	 	0.9 	0.6 	0.7 	0.3 	1.7 	4.8 	 
 Jared Sullinger	TOR	7 	13.2 	1.9 	5.7 	32.5 	 	0.4 	2.1 	20.0 	 	0.6 	1.1 	50.0 	 	0.9 	2.0 	2.9 	 	0.3 	0.3 	0.6 	0.1 	2.1 	4.7 	 
 Cheick Diallo	NO	9 	10.2 	1.9 	4.3 	43.6 	 	0.0 	0.0 	N/A 	 	0.8 	1.1 	70.0 	 	1.3 	2.2 	3.6 	 	0.3 	0.2 	0.3 	0.3 	1.0 	4.6 	 
 Kris Humphries	ATL	40 	11.8 	1.6 	3.7 	42.6 	 	0.3 	0.9 	35.1 	 	1.2 	1.4 	82.1 	 	1.1 	2.3 	3.4 	 	0.5 	0.6 	0.3 	0.4 	1.2 	4.6 	 
 Jonas Jerebko	BOS	48 	17.2 	1.8 	3.8 	46.4 	 	0.7 	1.9 	37.1 	 	0.3 	0.4 	80.0 	 	0.9 	2.7 	3.5 	 	0.9 	0.6 	0.5 	0.3 	1.7 	4.6 	 
 Jason Smith	WAS	46 	12.9 	2.0 	3.9 	52.2 	 	0.2 	0.3 	43.8 	 	0.4 	0.5 	72.0 	 	0.9 	2.1 	3.0 	 	0.4 	0.8 	0.3 	0.7 	2.4 	4.6 	 
 Luke Babbitt	MIA	41 	15.8 	1.6 	4.3 	38.3 	 	1.1 	2.9 	38.1 	 	0.2 	0.3 	69.2 	 	0.2 	2.0 	2.2 	 	0.4 	0.3 	0.4 	0.2 	1.6 	4.6 	 
 Pascal Siakam	TOR	43 	16.9 	2.0 	4.0 	50.3 	 	0.0 	0.1 	0.0 	 	0.4 	0.6 	75.0 	 	1.3 	2.2 	3.4 	 	0.3 	0.7 	0.5 	0.9 	2.1 	4.5 	 
 Tyler Zeller	BOS	30 	12.6 	1.9 	4.0 	47.1 	 	0.0 	0.0 	0.0 	 	0.5 	0.9 	57.7 	 	1.2 	1.9 	3.1 	 	0.9 	0.4 	0.2 	0.6 	1.3 	4.3 	 
 Alexis Ajinca	NO	21 	14.2 	1.9 	4.1 	46.5 	 	0.0 	0.1 	0.0 	 	0.5 	0.7 	71.4 	 	1.0 	3.3 	4.3 	 	0.3 	0.8 	0.4 	0.7 	1.7 	4.3 	 
 Bobby Portis	CHI	32 	12.0 	1.8 	3.7 	47.1 	 	0.3 	0.8 	38.5 	 	0.3 	0.6 	55.0 	 	1.2 	2.3 	3.4 	 	0.5 	0.6 	0.2 	0.1 	1.3 	4.2 	 
 Paul Zipser	CHI	20 	14.4 	1.4 	3.9 	35.1 	 	0.6 	1.9 	32.4 	 	0.9 	1.2 	78.3 	 	0.2 	2.0 	2.2 	 	0.4 	0.7 	0.2 	0.2 	0.9 	4.2 	 
 David West	GS	42 	11.5 	1.7 	3.2 	54.5 	 	0.0 	0.1 	50.0 	 	0.6 	0.8 	74.3 	 	0.6 	2.1 	2.7 	 	2.1 	1.0 	0.7 	0.5 	1.4 	4.1 	 
 Davis Bertans	SA	40 	10.9 	1.3 	2.9 	46.5 	 	0.9 	2.2 	40.9 	 	0.5 	0.7 	80.8 	 	0.2 	1.1 	1.3 	 	0.7 	0.4 	0.2 	0.5 	1.1 	4.1 	 
 Brandan Wright	MEM	2 	5.2 	2.0 	3.5 	57.1 	 	0.0 	0.5 	0.0 	 	0.0 	0.0 	N/A 	 	1.0 	1.0 	2.0 	 	0.0 	0.0 	0.0 	0.0 	0.0 	4.0 	 
 Adreian Payne	MIN	12 	7.7 	1.4 	3.3 	43.6 	 	0.2 	0.8 	20.0 	 	1.0 	1.3 	80.0 	 	0.5 	1.2 	1.7 	 	0.3 	0.6 	0.4 	0.3 	1.8 	4.0 	 
 Ed Davis	POR	41 	17.0 	1.5 	2.9 	51.3 	 	0.0 	0.0 	N/A 	 	1.1 	1.6 	67.7 	 	2.0 	3.2 	5.2 	 	0.5 	0.8 	0.3 	0.5 	3.0 	4.0 	 
 Okaro White	MIA	8 	15.4 	1.3 	2.4 	52.6 	 	0.6 	1.4 	45.5 	 	0.9 	0.9 	100.0 	 	0.3 	2.3 	2.5 	 	0.1 	0.4 	0.4 	0.5 	1.6 	4.0 	 
 Kevin Seraphin	IND	27 	10.3 	1.9 	3.6 	53.1 	 	0.0 	0.0 	N/A 	 	0.1 	0.2 	66.7 	 	1.0 	2.2 	3.2 	 	0.6 	0.5 	0.1 	0.3 	1.1 	3.9 	 
 Jarell Martin	MEM	40 	13.4 	1.4 	3.6 	37.5 	 	0.2 	0.7 	34.6 	 	1.0 	1.2 	79.2 	 	0.9 	3.0 	3.9 	 	0.2 	0.7 	0.4 	0.2 	2.3 	3.9 	 
 Thomas Robinson	LAL	34 	11.0 	1.7 	3.3 	52.3 	 	0.0 	0.0 	N/A 	 	0.4 	1.0 	42.9 	 	1.7 	2.7 	4.4 	 	0.7 	0.7 	0.5 	0.3 	1.6 	3.9 	 
 Anthony Brown	ORL	11 	14.5 	1.6 	4.5 	36.0 	 	0.6 	2.5 	25.9 	 	0.0 	0.0 	N/A 	 	0.7 	2.3 	3.0 	 	0.7 	0.5 	0.5 	0.1 	1.4 	3.9 	 
 Paul Pierce	LAC	12 	12.3 	1.2 	3.3 	35.9 	 	0.8 	2.2 	34.6 	 	0.7 	0.8 	80.0 	 	0.0 	1.5 	1.5 	 	0.2 	0.7 	0.3 	0.3 	2.1 	3.8 	 
 Juancho Hernangomez	DEN	32 	10.8 	1.2 	2.4 	47.4 	 	0.5 	1.1 	42.9 	 	0.8 	1.2 	68.4 	 	0.6 	1.8 	2.4 	 	0.4 	0.3 	0.3 	0.3 	0.9 	3.6 	 
 Taurean Prince	ATL	29 	10.1 	1.2 	3.1 	37.4 	 	0.3 	1.1 	27.3 	 	0.7 	0.8 	91.3 	 	0.2 	1.7 	1.9 	 	0.7 	0.7 	0.3 	0.3 	1.1 	3.4 	 
 Noah Vonleh	POR	42 	12.7 	1.3 	3.3 	40.9 	 	0.2 	0.5 	35.0 	 	0.5 	0.9 	62.2 	 	1.3 	2.6 	4.0 	 	0.2 	0.7 	0.4 	0.3 	1.6 	3.4 	 
 Denzel Valentine	CHI	27 	11.9 	1.1 	3.6 	32.0 	 	0.8 	2.5 	31.3 	 	0.3 	0.3 	87.5 	 	0.1 	1.6 	1.6 	 	0.6 	0.6 	0.5 	0.1 	1.0 	3.3 	 
 Dragan Bender	PHO	38 	12.7 	1.2 	3.3 	37.1 	 	0.7 	2.1 	32.1 	 	0.1 	0.2 	37.5 	 	0.4 	1.7 	2.2 	 	0.4 	0.7 	0.2 	0.5 	1.6 	3.2 	 
 Skal Labissiere	SAC	6 	7.0 	1.0 	1.8 	54.5 	 	0.0 	0.0 	N/A 	 	1.0 	1.5 	66.7 	 	1.2 	0.8 	2.0 	 	0.0 	0.3 	0.3 	0.0 	0.0 	3.0 	 
 Alan Williams	PHO	18 	6.7 	1.2 	2.1 	55.3 	 	0.0 	0.0 	N/A 	 	0.6 	1.2 	52.4 	 	1.4 	1.5 	2.9 	 	0.1 	0.5 	0.4 	0.5 	1.5 	2.9 	 
 Thon Maker	MIL	24 	5.9 	1.0 	1.9 	53.3 	 	0.4 	0.7 	56.3 	 	0.5 	0.9 	61.9 	 	0.5 	0.9 	1.3 	 	0.0 	0.2 	0.2 	0.4 	0.9 	2.9 	 
 Omer Asik	NO	30 	15.9 	1.0 	2.2 	47.7 	 	0.0 	0.0 	N/A 	 	0.8 	1.3 	59.0 	 	1.6 	3.8 	5.4 	 	0.5 	0.4 	0.2 	0.3 	1.6 	2.8 	 
 Chris McCullough	BKN	13 	5.5 	1.2 	2.4 	51.6 	 	0.1 	0.5 	16.7 	 	0.2 	0.2 	66.7 	 	0.7 	0.6 	1.3 	 	0.2 	0.2 	0.1 	0.2 	0.5 	2.7 	 
 K.J. McDaniels	HOU	27 	7.6 	1.0 	2.3 	44.4 	 	0.3 	0.9 	32.0 	 	0.3 	0.4 	90.0 	 	0.1 	0.9 	1.0 	 	0.1 	0.4 	0.2 	0.3 	0.9 	2.7 	 
 Maurice Ndour	NY	18 	7.8 	1.0 	2.1 	47.4 	 	0.1 	0.3 	20.0 	 	0.5 	0.6 	90.0 	 	0.4 	1.0 	1.4 	 	0.1 	0.3 	0.4 	0.1 	0.9 	2.6 	 
 Kevon Looney	GS	36 	8.5 	1.1 	2.0 	56.3 	 	0.0 	0.2 	16.7 	 	0.4 	0.6 	60.9 	 	0.9 	1.6 	2.5 	 	0.6 	0.3 	0.2 	0.4 	1.4 	2.6 	 
 Mike Scott	ATL	15 	11.0 	0.9 	3.5 	26.9 	 	0.3 	1.8 	14.8 	 	0.5 	0.5 	87.5 	 	0.5 	1.7 	2.2 	 	1.0 	0.5 	0.3 	0.2 	0.7 	2.6 	 
 Andrew Nicholson	WAS	27 	8.5 	1.1 	2.8 	39.5 	 	0.1 	0.6 	18.8 	 	0.3 	0.4 	58.3 	 	0.4 	0.9 	1.3 	 	0.3 	0.4 	0.4 	0.2 	1.4 	2.6 	 
 Miles Plumlee	MIL	32 	9.7 	0.9 	2.1 	44.1 	 	0.0 	0.0 	N/A 	 	0.7 	1.1 	62.9 	 	0.7 	0.9 	1.7 	 	0.6 	0.7 	0.3 	0.3 	1.5 	2.6 	 
 Jordan Mickey	BOS	14 	8.0 	1.0 	2.1 	48.3 	 	0.0 	0.1 	0.0 	 	0.4 	0.7 	60.0 	 	0.9 	1.0 	1.9 	 	0.4 	0.5 	0.1 	0.2 	0.6 	2.4 	 
 DeAndre' Bembry	ATL	19 	8.3 	1.1 	2.4 	44.4 	 	0.0 	0.3 	0.0 	 	0.3 	0.7 	42.9 	 	0.3 	1.1 	1.3 	 	0.5 	0.4 	0.2 	0.1 	0.4 	2.4 	 
 Jake Layman	POR	23 	6.3 	0.8 	2.4 	32.1 	 	0.4 	1.7 	23.7 	 	0.4 	0.6 	69.2 	 	0.1 	0.5 	0.6 	 	0.3 	0.2 	0.3 	0.1 	0.6 	2.3 	 
 Chris Andersen	CLE	12 	9.5 	0.8 	1.8 	40.9 	 	0.0 	0.3 	0.0 	 	0.8 	1.2 	71.4 	 	0.8 	1.8 	2.6 	 	0.4 	0.4 	0.4 	0.6 	1.7 	2.3 	 
 James Michael McAdoo	GS	22 	7.9 	1.0 	1.8 	52.5 	 	0.0 	0.1 	0.0 	 	0.3 	0.5 	63.6 	 	0.3 	1.0 	1.3 	 	0.5 	0.5 	0.2 	0.4 	0.7 	2.2 	 
 Johnny O'Bryant III	DEN	1 	7.3 	0.0 	4.0 	0.0 	 	0.0 	1.0 	0.0 	 	2.0 	2.0 	100.0 	 	0.0 	1.0 	1.0 	 	1.0 	0.0 	0.0 	0.0 	0.0 	2.0 	 
 Jordan Hill	MIN	5 	7.9 	0.8 	2.2 	36.4 	 	0.0 	0.0 	N/A 	 	0.4 	0.4 	100.0 	 	1.4 	1.2 	2.6 	 	0.0 	0.6 	0.2 	0.0 	1.8 	2.0 	 
 Rakeem Christmas	IND	4 	4.3 	0.5 	1.3 	40.0 	 	0.0 	0.0 	N/A 	 	1.0 	1.3 	80.0 	 	0.5 	0.8 	1.3 	 	0.3 	0.0 	0.0 	0.5 	0.3 	2.0 	 
 Deyonta Davis	MEM	25 	7.3 	0.8 	1.6 	51.3 	 	0.0 	0.0 	N/A 	 	0.3 	0.6 	53.3 	 	0.7 	1.4 	2.0 	 	0.1 	0.3 	0.0 	0.6 	1.2 	1.9 	 
 Lavoy Allen	IND	36 	12.2 	0.8 	2.0 	38.0 	 	0.0 	0.0 	0.0 	 	0.3 	0.3 	83.3 	 	0.9 	1.4 	2.3 	 	0.9 	0.3 	0.3 	0.3 	1.2 	1.8 	 
 Udonis Haslem	MIA	15 	8.1 	0.6 	1.2 	50.0 	 	0.0 	0.1 	0.0 	 	0.6 	1.0 	60.0 	 	0.5 	1.6 	2.1 	 	0.4 	0.5 	0.3 	0.1 	1.3 	1.8 	 
 Jarnell Stokes	DEN	2 	3.3 	0.5 	0.5 	100.0 	 	0.0 	0.0 	N/A 	 	0.5 	1.0 	50.0 	 	0.5 	0.5 	1.0 	 	1.0 	0.0 	0.5 	0.0 	1.5 	1.5 	 
 Henry Ellenson	DET	14 	4.0 	0.6 	1.6 	34.8 	 	0.3 	1.0 	28.6 	 	0.1 	0.1 	100.0 	 	0.1 	0.7 	0.9 	 	0.3 	0.4 	0.0 	0.0 	0.2 	1.5 	 
 Anderson Varejao	GS	13 	6.4 	0.4 	1.0 	38.5 	 	0.0 	0.0 	N/A 	 	0.6 	0.8 	72.7 	 	0.9 	1.0 	1.9 	 	0.8 	0.6 	0.2 	0.2 	1.0 	1.4 	 
 Christian Wood	CHA	3 	5.5 	0.3 	1.0 	33.3 	 	0.0 	0.7 	0.0 	 	0.7 	0.7 	100.0 	 	0.0 	2.0 	2.0 	 	0.3 	0.0 	0.0 	0.7 	0.0 	1.3 	 
 Stephen Zimmerman Jr.	ORL	8 	4.0 	0.6 	1.4 	45.5 	 	0.0 	0.0 	N/A 	 	0.0 	0.1 	0.0 	 	0.5 	1.3 	1.8 	 	0.1 	0.0 	0.1 	0.1 	0.1 	1.3 	 
 Joel Anthony	SA	3 	5.3 	0.3 	0.7 	50.0 	 	0.0 	0.0 	N/A 	 	0.7 	0.7 	100.0 	 	0.3 	1.3 	1.7 	 	0.0 	0.0 	0.0 	0.0 	0.3 	1.3 	 
 Nick Collison	OKC	12 	5.7 	0.5 	0.8 	60.0 	 	0.0 	0.0 	N/A 	 	0.2 	0.3 	66.7 	 	0.3 	0.8 	1.0 	 	0.6 	0.3 	0.1 	0.1 	0.6 	1.2 	 
 Kyle Wiltjer	HOU	9 	3.2 	0.3 	1.1 	30.0 	 	0.3 	1.1 	30.0 	 	0.1 	0.2 	50.0 	 	0.3 	0.4 	0.8 	 	0.0 	0.3 	0.0 	0.1 	0.3 	1.1 	 
 Ryan Kelly	ATL	9 	5.3 	0.3 	1.1 	30.0 	 	0.2 	0.6 	40.0 	 	0.2 	0.2 	100.0 	 	0.0 	1.1 	1.1 	 	0.6 	0.2 	0.4 	0.2 	0.3 	1.1 	 
 Derrick Jones Jr.	PHO	3 	3.5 	0.3 	0.3 	100.0 	 	0.0 	0.0 	N/A 	 	0.3 	0.3 	100.0 	 	0.0 	0.0 	0.0 	 	0.0 	0.0 	0.0 	0.0 	0.3 	1.0 	 
 Joel Bolomboy	UTA	9 	2.3 	0.3 	0.6 	60.0 	 	0.0 	0.1 	0.0 	 	0.2 	0.4 	50.0 	 	0.1 	1.0 	1.1 	 	0.1 	0.1 	0.1 	0.1 	0.1 	0.9 	 
 Metta World Peace	LAL	17 	4.7 	0.3 	1.5 	20.0 	 	0.1 	0.9 	13.3 	 	0.2 	0.4 	66.7 	 	0.2 	0.4 	0.5 	 	0.3 	0.2 	0.2 	0.1 	0.8 	0.9 	 
 Georges Niang	IND	20 	4.3 	0.4 	1.7 	21.2 	 	0.1 	0.6 	9.1 	 	0.1 	0.1 	100.0 	 	0.1 	0.6 	0.7 	 	0.3 	0.3 	0.2 	0.0 	0.3 	0.9 	 
 Steve Novak	MIL	8 	2.7 	0.3 	0.9 	28.6 	 	0.1 	0.8 	16.7 	 	0.0 	0.0 	N/A 	 	0.0 	0.4 	0.4 	 	0.0 	0.0 	0.0 	0.0 	0.1 	0.6 	 
 Arinze Onuaku	ORL	8 	3.5 	0.3 	0.5 	50.0 	 	0.0 	0.0 	N/A 	 	0.0 	0.0 	N/A 	 	0.3 	0.5 	0.8 	 	0.3 	0.3 	0.0 	0.1 	0.4 	0.5 	 
 Michael Gbinije	DET	8 	3.6 	0.1 	1.3 	10.0 	 	0.0 	0.5 	0.0 	 	0.3 	0.3 	100.0 	 	0.3 	0.1 	0.4 	 	0.3 	0.0 	0.0 	0.0 	0.3 	0.5 	 
 Bruno Caboclo	TOR	8 	2.9 	0.1 	0.6 	20.0 	 	0.1 	0.4 	33.3 	 	0.0 	0.0 	N/A 	 	0.4 	0.4 	0.8 	 	0.4 	0.3 	0.3 	0.0 	0.4 	0.4 	